[gd_scene load_steps=5 format=3 uid="uid://bhkwy0afvtcfe"]

[ext_resource type="PackedScene" uid="uid://cho4820mf8fox" path="res://Player.tscn" id="1_mjtfj"]
[ext_resource type="Script" path="res://CameraPoint.gd" id="2_s4kux"]

[sub_resource type="PlaneMesh" id="PlaneMesh_4qyer"]

[sub_resource type="BoxShape3D" id="BoxShape3D_smv55"]
size = Vector3(16, 1, 16)

[node name="HumanoidControl" type="Node3D"]

[node name="StaticBody3D" type="StaticBody3D" parent="."]
transform = Transform3D(1, 0, 0, 0, 0.962004, 0.273036, 0, -0.273036, 0.962004, 0, 0, 0)

[node name="Plane" type="MeshInstance3D" parent="StaticBody3D"]
transform = Transform3D(7.83, 0, 0, 0, 1, 0, 0, 0, 7.82443, 0, 0, 0)
mesh = SubResource("PlaneMesh_4qyer")
skeleton = NodePath("../..")

[node name="CollisionShape3D" type="CollisionShape3D" parent="StaticBody3D"]
transform = Transform3D(1, 0, 0, 0, 1, 0, 0, 0, 1, 0, -0.5, 0)
shape = SubResource("BoxShape3D_smv55")

[node name="DirectionalLight3D" type="DirectionalLight3D" parent="."]
transform = Transform3D(1, 0, 0, 0, 0.5, 0.866025, 0, -0.866025, 0.5, -0.0312166, 5.54116, -0.027216)

[node name="Player" parent="." instance=ExtResource("1_mjtfj")]
speed = 0.5

[node name="CameraPoint" type="Marker3D" parent="."]
transform = Transform3D(-0.707107, 0, 0.707107, 0, 1, 0, -0.707107, 0, -0.707107, 0, 0, 0)
script = ExtResource("2_s4kux")

[node name="Camera3D" type="Camera3D" parent="CameraPoint"]
transform = Transform3D(-1, 4.06378e-08, -7.74036e-08, 0, 0.885394, 0.464842, 8.74228e-08, 0.464842, -0.885394, 0, 3.2, -4)
current = true
